1.097493
1.052995
0.936648
0.765939
0.564805
0.355042
0.156084
-0.015662
-0.151989
-0.250202
-0.310410
-0.335509
-0.331190
-0.305526
-0.266621
-0.222606
-0.179784
-0.142421
-0.112746
-0.090949
-0.075697
-0.065544
-0.058935
-0.054580
-0.051458
-0.048816
-0.046172
-0.043312
-0.040283
-0.037021
-0.033406
-0.029393
-0.024938
-0.020001
-0.014541
-0.008519
-0.001897
0.005361
0.013291
0.021906
0.031227
0.041289
0.052114
0.063714
0.076085
0.089215
0.103078
0.117636
0.132841
0.148631
0.164932
0.181659
0.198715
0.215992
0.233367
0.250708
0.267870
0.284696
0.301068
0.316857
0.331878
0.345961
0.358951
0.370709
0.381111
0.390048
0.397430
0.403176
0.407227
0.409536
0.410071
0.408817
0.405774
0.400945
0.394203
0.385662
0.375504
0.363907
0.351044
0.337080
0.322175
0.306482
0.290148
0.273316
0.256121
0.238691
0.221151
0.203617
0.186202
0.169009
0.152138
0.135682
0.119728
0.104356
0.089643
0.075656
0.062457
0.050105
0.038649
0.028122
0.018492
0.009717
0.001753
-0.005443
-0.011913
-0.017698
-0.022837
-0.027372
-0.031340
-0.034779
-0.037727
-0.040220
-0.042294
-0.043983
-0.045321
-0.046342
-0.047078
-0.047560
-0.047821
-0.047889
-0.047794
-0.047564
-0.047228
-0.046811
-0.046293
-0.045667
-0.044951
-0.044162
-0.043315
-0.042425
-0.041502
-0.040560
-0.039606
-0.038649
-0.037695
-0.036749
-0.035816
-0.034896
-0.033992
-0.033101
-0.032222
-0.031351
-0.030483
-0.029611
-0.028726
-0.027820
-0.026897
-0.025965
-0.025031
-0.024101
-0.023178
-0.022267
-0.021370
-0.020490
-0.019628
-0.018784
-0.017957
-0.017145
-0.016347
-0.015558
-0.014775
-0.013992
-0.013203
-0.012401
-0.011579
-0.010727
-0.009836
-0.008895
-0.007893
-0.006817
-0.005654
-0.004390
-0.003010
-0.001495
0.000210
0.002179
0.004488
0.007217
0.010448
0.014266
0.018759
0.024017
0.030132
0.037201
0.045322
0.054595
0.065111
0.076881
0.089889
0.104077
0.119347
0.135557
0.152523
0.170017
0.187772
0.205474
0.222771
0.239264
0.254515
0.268102
0.279738
0.289084
0.295872
0.299915
0.301103
0.299403
0.294864
0.287612
0.277852
0.265867
0.252019
0.236632
0.220098
0.202868
0.185347
0.167895
0.150828
0.134415
0.118881
0.104408
0.091130
0.079138
0.068476
0.059829
0.053392
0.048432
0.044288
0.040368
0.036149
0.031182
0.025086
0.017552
0.008340
-0.002717
-0.015718
-0.030689
-0.047587
-0.066298
-0.086638
-0.108352
-0.130974
-0.148707
-0.150918
-0.129261
-0.077998
0.005999
0.123253
0.271682
0.446591
0.640667
0.836117
1.003773
1.120570
1.171056
1.147396
1.049406
0.889734
0.693903
0.485115
0.282576
0.101485
-0.046952
-0.156612
-0.228273
-0.265059
-0.271481
-0.253429
-0.218176
-0.174378
-0.130438
-0.090422
-0.056936
-0.031197
-0.013032
-0.000869
0.007361
0.012859
0.016709
0.019736
0.022511
0.025350
0.028329
0.031548
0.035085
0.038984
0.043291
0.048049
0.053299
0.059080
0.065428
0.072369
0.079918
0.088128
0.097042
0.106692
0.117101
0.128279
0.140226
0.152933
0.166377
0.180527
0.195340
0.210762
0.226728
0.243165
0.259985
0.277092
0.294378
0.311745
0.329107
0.346287
0.363110
0.379410
0.395030
0.409823
0.423652
0.436387
0.447910
0.458109
0.466884
0.474143
0.479804
0.483794
0.486048
0.486513
0.485100
0.481754
0.476586
0.469715
0.461260
0.451342
0.440080
0.427596
0.414013
0.399452
0.384038
0.367894
0.351146
0.333919
0.316338
0.298532
0.280627
0.262752
0.245036
0.227608
0.210599
0.194140
0.178363
0.163386
0.149193
0.135792
0.123200
0.111428
0.100482
0.090362
0.081060
0.072563
0.064853
0.057903
0.051683
0.046154
0.041273
0.036990
0.033249
0.030003
0.027224
0.024869
0.022897
0.021270
0.019952
0.018909
0.018110
0.017525
0.017128
0.016895
0.016802
0.016830
0.016963
0.017184
0.017482
0.017867
0.018330
0.018857
0.019436
0.020056
0.020704
0.021373
0.022054
0.022739
0.023423
0.024101
0.024768
0.025422
0.026062
0.026686
0.027297
0.027894
0.028483
0.029065
0.029647
0.030233
0.030820
0.031404
0.031984
0.032559
0.033129
0.033692
0.034249
0.034800
0.035344
0.035883
0.036416
0.036946
0.037472
0.037997
0.038521
0.039048
0.039578
0.040114
0.040658
0.041213
0.041785
0.042393
0.043043
0.043742
0.044503
0.045350
0.046313
0.047430
0.048749
0.050323
0.052216
0.054498
0.057248
0.060552
0.064506
0.069173
0.074608
0.080987
0.088450
0.097098
0.106992
0.118154
0.130566
0.144171
0.158870
0.174527
0.190967
0.207972
0.225287
0.242618
0.259727
0.276184
0.291501
0.305256
0.317086
0.326691
0.333835
0.338342
0.340099
0.339057
0.335227
0.328683
0.319561
0.307937
0.294115
0.278606
0.261881
0.244371
0.226466
0.208517
0.190833
0.173683
0.157297
0.141863
0.127530
0.114406
0.102558
0.092013
0.082760
0.074743
0.067870
0.061969
0.056966
0.052794
0.049218
0.045833
0.042066
0.037176
0.030252
0.020280
0.006308
-0.012700
-0.036539
-0.063602
-0.090881
-0.113963
-0.127578
-0.125107
-0.099463
-0.045367
0.040626
0.160128
0.312961
0.494655
0.689072
0.877143
1.038939
1.153674
1.200000
1.168122
1.066471
0.908684
0.712591
0.500219
0.296313
0.115980
-0.032386
-0.143761
-0.216661
-0.253136
-0.258744
-0.240182
-0.205823
-0.163831
-0.120661
-0.081057
-0.048053
-0.023030
-0.005435
0.006511
0.014390
0.019526
0.022984
0.025572
0.027835
0.030068
0.032460
0.035102
0.038046
0.041341
0.045035
0.049172
0.053795
0.058943
0.064654
0.070964
0.077903
0.085503
0.093792
0.102794
0.112532
0.123024
0.134271
0.146263
0.158981
0.172396
0.186468
0.201149
0.216378
0.232088
0.248198
0.264620
0.281256
0.297996
0.314721
0.331304
0.347606
0.363477
0.378760
0.393287
0.406879
0.419424
0.430824
0.440932
0.449620
0.456781
0.462325
0.466183
0.468302
0.468652
0.467218
0.464008
0.459045
0.452374
0.444057
0.434177
0.422835
0.410150
0.396225
0.381153
0.365113
0.348278
0.330812
0.312872
0.294607
0.276158
0.257658
0.239231
0.220996
0.203060
0.185525
0.168485
0.152023
0.136217
0.121136
0.106843
0.093395
0.080801
0.069045
0.058113
0.047987
0.038648
0.030074
0.022239
0.015119
0.008683
0.002902
-0.002259
-0.006834
-0.010861
-0.014379
-0.017432
-0.020064
-0.022320
-0.024249
-0.025903
-0.027331
-0.028555
-0.029587
-0.030441
-0.031131
-0.031670
-0.032072
-0.032352
-0.032522
-0.032598
-0.032591
-0.032518
-0.032390
-0.032223
-0.032030
-0.031826
-0.031624
-0.031438
-0.031272
-0.031109
-0.030948
-0.030791
-0.030635
-0.030483
-0.030333
-0.030185
-0.030040
-0.029898
-0.029758
-0.029621
-0.029486
-0.029353
-0.029223
-0.029095
-0.028969
-0.028846
-0.028725
-0.028606
-0.028489
-0.028373
-0.028244
-0.028105
-0.027965
-0.027830
-0.027705
-0.027590
-0.027486
-0.027391
-0.027298
-0.027202
-0.027093
-0.026961
-0.026790
-0.026567
-0.026272
-0.025887
-0.025387
-0.024750
-0.023948
-0.022963
-0.021765
-0.020248
-0.018305
-0.015834
-0.012741
-0.008935
-0.004333
0.001146
0.007573
0.015017
0.023541
0.033200
0.044047
0.056127
0.069500
0.084133
0.099760
0.116101
0.132870
0.149777
0.166526
0.182817
0.198346
0.212802
0.225871
0.237234
0.246567
0.253541
0.257823
0.259126
0.257490
0.253051
0.245971
0.236446
0.224704
0.211008
0.195651
0.178962
0.161300
0.143059
0.124666
0.106565
0.089020
0.072241
0.056420
0.041708
0.028217
0.016019
0.005144
-0.004416
-0.012711
-0.019831
-0.025905
-0.031043
-0.035408
-0.039301
-0.043132
-0.047425
-0.052813
-0.060042
-0.069970
-0.083563
-0.101903
-0.125593
-0.152696
-0.180036
-0.203489
-0.217977
-0.217463
-0.195449
-0.146652
-0.065063
0.051618
0.201421
0.378113
0.571361
0.767818
0.938987
1.059498
1.113145
1.092881
1.000821
0.848244
0.655136
0.445195
0.238986
0.052477
-0.102970
-0.220602
-0.298269
-0.338430
-0.347710
-0.331697
-0.298990
-0.257860
-0.214879
-0.174918
-0.141148
-0.115041
-0.096416
-0.083827
-0.075654
-0.070512
-0.067253
-0.064966
-0.062981
-0.060861
-0.058409
-0.055667
-0.052796
-0.049591
-0.045982
-0.041928
-0.037389
-0.032326
-0.026701
-0.020479
-0.013626
-0.006109
0.002104
0.011031
0.020684
0.031086
0.042245
0.054161
0.066819
0.080195
0.094252
0.108941
0.124204
0.139968
0.156150
0.172656
0.189378
0.206199
0.222993
0.239670
0.256072
0.272025
0.287364
0.301934
0.315590
0.328199
0.339634
0.349781
0.358536
0.365804
0.371499
0.375548
0.377886
0.378457
0.377195
0.374052
0.369112
0.362471
0.354228
0.344485
0.333348
0.320928
0.307337
0.292692
0.277115
0.260728
0.243660
0.226041
0.208008
0.189697
0.171250
0.152814
0.134538
0.116573
0.099077
0.082191
0.065942
0.050370
0.035521
0.021433
0.008137
-0.004347
-0.016002
-0.026823
-0.036809
-0.045971
-0.054323
-0.061891
-0.068705
-0.074807
-0.080242
-0.085068
-0.089342
-0.093092
-0.096351
-0.099165
-0.101573
-0.103616
-0.105330
-0.106749
-0.107907
-0.108832
-0.109552
-0.110094
-0.110480
-0.110731
-0.110866
-0.110902
-0.110853
-0.110730
-0.110543
-0.110299
-0.110004
-0.109663
-0.109284
-0.108871
-0.108431
-0.107968
-0.107487
-0.106991
-0.106486
-0.105974
-0.105458
-0.104940
-0.104424
-0.103910
-0.103400
-0.102894
-0.102394
-0.101900
-0.101411
-0.100926
-0.100445
-0.099966
-0.099488
-0.099007
-0.098521
-0.098025
-0.097518
-0.097004
-0.096490
-0.095978
-0.095472
-0.094972
-0.094479
-0.093991
-0.093505
-0.093016
-0.092519
-0.092006
-0.091470
-0.090901
-0.090286
-0.089615
-0.088872
-0.088042
-0.087110
-0.086106
-0.085091
-0.083928
-0.082482
-0.080628
-0.078251
-0.075246
-0.071520
-0.066989
-0.061582
-0.055236
-0.047899
-0.039532
-0.030102
-0.019591
-0.007989
0.004702
0.018471
0.033296
0.049143
0.065918
0.083278
0.100850
0.118273
0.135192
0.151260
0.166138
0.179493
0.190999
0.200338
0.207200
0.211304
0.212561
0.210989
0.206657
0.199687
0.190252
0.178577
0.164941
0.149673
0.133154
0.115819
0.098115
0.080354
0.062866
0.045944
0.029836
0.014738
0.000800
-0.011876
-0.023237
-0.033276
-0.041969
-0.048368
-0.052878
-0.056363
-0.059587
-0.063212
-0.067801
-0.073814